Печать исходного объединения
un[0].a = 8
un[0].b = 5.000000
un[1].a = 2
un[1].b = 8.000000
un[2].a = 7
un[2].b = 7.000000
un[3].a = 6
un[3].b = 4.000000
un[4].a = 7
un[4].b = 8.000000
un[5].a = 5
un[5].b = 1.000000
un[6].a = 7
un[6].b = 3.000000
un[7].a = 8
un[7].b = 0.000000
un[8].a = 3
un[8].b = 7.000000
un[9].a = 0
un[9].b = 2.000000
