timepack=0.000529
a=5
a=6

b[0]=0.000000
b[0]=1.500000
b[0]=3.000000
b[0]=4.500000

b[1]=1.000000
b[1]=2.500000
b[1]=4.000000
b[1]=5.500000

