Печать исходного объединения
Union#0
ms[0].arr1[0] = 1
ms[0].arr1[1] = 1
ms[0].arr1[2] = 1
ms[0].arr2[0] = 5.100000
ms[0].arr2[1] = 5.100000
ms[0].arr2[2] = 5.100000
ms[0].arr2[3] = 5.100000
ms[0].arr2[4] = 5.100000
  
Union#1
ms[1].arr1[0] = 2
ms[1].arr1[1] = 2
ms[1].arr1[2] = 2
ms[1].arr2[0] = 6.100000
ms[1].arr2[1] = 6.100000
ms[1].arr2[2] = 6.100000
ms[1].arr2[3] = 6.100000
ms[1].arr2[4] = 6.100000
  
Union#2
ms[2].arr1[0] = 3
ms[2].arr1[1] = 3
ms[2].arr1[2] = 3
ms[2].arr2[0] = 7.100000
ms[2].arr2[1] = 7.100000
ms[2].arr2[2] = 7.100000
ms[2].arr2[3] = 7.100000
ms[2].arr2[4] = 7.100000
  
Union#3
ms[3].arr1[0] = 4
ms[3].arr1[1] = 4
ms[3].arr1[2] = 4
ms[3].arr2[0] = 8.100000
ms[3].arr2[1] = 8.100000
ms[3].arr2[2] = 8.100000
ms[3].arr2[3] = 8.100000
ms[3].arr2[4] = 8.100000
  
Union#4
ms[4].arr1[0] = 5
ms[4].arr1[1] = 5
ms[4].arr1[2] = 5
ms[4].arr2[0] = 9.100000
ms[4].arr2[1] = 9.100000
ms[4].arr2[2] = 9.100000
ms[4].arr2[3] = 9.100000
ms[4].arr2[4] = 9.100000
  
