Time 0.000207
u[0][0]=0.000000   u[1][0]=11.520000   u[2][0]=20.160000   u[3][0]=23.040000   u[4][0]=17.280000   u[5][0]=0.000000   
u[0][1]=2.000000   u[1][1]=10.436630   u[2][1]=15.117624   u[3][1]=15.221770   u[4][1]=10.005794   u[5][1]=0.000000   
u[0][2]=8.000000   u[1][2]=13.108897   u[2][2]=14.652097   u[3][2]=12.723661   u[4][2]=7.521406   u[5][2]=0.000000   
u[0][3]=18.000000   u[1][3]=19.346861   u[2][3]=17.658206   u[3][3]=13.499370   u[4][3]=7.356170   u[5][3]=0.000000   
u[0][4]=32.000000   u[1][4]=28.620339   u[2][4]=23.134497   u[3][4]=16.259442   u[4][4]=8.403903   u[5][4]=0.000000   
u[0][5]=50.000000   u[1][5]=40.000000   u[2][5]=30.000000   u[3][5]=20.000000   u[4][5]=10.000000   u[5][5]=0.000000   
